#include "Header.h"

int main(int argc, char* argv[])
{

           int array[10*10]={1,1,1,1,1,1,1,1,1,1,
                          1,1,1,1,1,1,1,1,1,1,
                          1,1,1,1,1,1,1,1,1,1,
                          1,1,1,1,1,1,1,1,1,1,
                          1,1,1,1,1,1,1,1,1,1,
                          1,1,1,1,1,1,1,1,1,1,
                          1,1,1,1,1,1,1,1,1,1,
                          1,1,1,1,1,1,1,1,1,1,
                          1,1,1,1,1,1,1,1,1,1,
                          1,1,1,1,1,1,1,1,1,1};
        /*int array[5*5]={0,0,0,0,0,
                         0,0,0,0,0,
                         0,0,1,1,0,
                         0,0,0,0,0,
                         0,0,0,0,0};*/

        //int array[50*50];
        //for(int i = 0;i<50*50;i++){array[i] = 1;}
        //int array[10*10];
        //array[5] = 1;
        //double* CouplingMaxtrix;
        //CouplingMaxtrix = new double[12*12];

        double CouplingMaxtrix[9*9] = {2.39718624, 0.3817116 , 0.43953261, 0.7046661 , 0.43953261,
       0.55403705, 0.69501346, 0.39873039, 0.35642816, 0.3817116 ,
       2.77341701, 0.55403705, 0.45518496, 0.7046661 , 0.45518496,
       0.42846167, 0.50748366, 0.43526909, 0.43953261, 0.55403705,
       2.39718624, 0.3817116 , 0.43953261, 0.7046661 , 0.35642816,
       0.69501346, 0.39873039, 0.7046661 , 0.45518496, 0.3817116 ,
       2.77341701, 0.55403705, 0.45518496, 0.43526909, 0.42846167,
       0.50748366, 0.43953261, 0.7046661 , 0.43953261, 0.55403705,
       2.39718624, 0.3817116 , 0.39873039, 0.35642816, 0.69501346,
       0.55403705, 0.45518496, 0.7046661 , 0.45518496, 0.3817116 ,
       2.77341701, 0.50748366, 0.43526909, 0.42846167, 0.69501346,
       0.42846167, 0.35642816, 0.43526909, 0.39873039, 0.50748366,
       2.68688976, 0.59585834, 0.59585834, 0.39873039, 0.50748366,
       0.69501346, 0.42846167, 0.35642816, 0.43526909, 0.59585834,
       2.68688976, 0.59585834, 0.35642816, 0.43526909, 0.39873039,
       0.50748366, 0.69501346, 0.42846167, 0.59585834, 0.59585834,
       2.68688976};



        //for(int i = 0; i < 12*12; i++) {CouplingMaxtrix[i]= 0.;}
        double q0[9] = //{1.,  0., 0.5, 0.866, -0.5, 0.866, -1.,  0.,-0.5, -0.866,0.5, -0.866};
        {0.585997  , 0.585997  , 0.48620706, 0.585997  , 0.585997  ,
       0.68084211, 1.14908865, 1.14908865, 1.14908865 };
        System* system=new System(array,CouplingMaxtrix,q0,10,10);
        int Ndof = system->GetNdof();
        double Hess[2*Ndof*2*Ndof];
        system->GetHessian(Hess,2*Ndof);
        cout<<system->get_Energy()<<endl;

        /*system->UpdateEnergy(array2,5,5);
        cout<<system->get_Energy()<<endl;
        system->OutputSpring("aight2.txt"); */
        //delete CouplingMaxtrix;
        delete system;
        return 0;
}
